9.437316768373739
9.342260207413435
10.257287382843554
10.321072337811207
10.036148654954484
8.079373943629765
9.892821923870729
9.516273411909486
10.283012971423412
10.065561847525773
8.952263621353506
12.433411242161391
12.026595011715777
9.261972292774178
12.256628507310186
10.212182624764575
13.841234796297563
8.015973004431153
12.611987723914485
14.370634843432928
10.947278753485474
6.987346730686916
12.924439229256393
7.82013931909359
10.87356830979336
9.130822465450915
8.746516514282966
13.006564348874116
9.58628782294865
11.903946154461474
8.724527467206254
9.621139499285608
9.488636312590925
9.12352944906375
10.806979223893897
10.080014065938357
15.707567102197297
13.918780060466416
8.671065138839506
8.329694272993802
12.298093573254732
9.529120332276209
11.109554931437255
8.312292660574583
12.202768634777447
10.150145144872123
8.423335464796233
6.972354947267235
11.369912232912364
10.862303150163857
8.600998569852418
8.742758016241343
9.13715503008578
14.87720962206715
10.899236699015473
12.796247025334797
7.884158865583607
12.010420167124428
9.413716727173068
10.94526331767428
10.865311948464253
10.196497901735198
8.837921374588191
10.644058931345656
9.794764688500635
12.331208394924172
9.980994132966195
11.724072132535873
10.04570082071695
12.970339201635895
8.988786726301354
10.99351157226112
10.258971771616311
9.701109982688681
7.1407207154318515
11.23465612728991
9.949507230903976
6.231200045477015
7.966864975802723
8.15811602463285
12.2782131691522
7.127744862342773
10.486268437209418
9.860090037491643
10.730347944750514
10.26753840493999
11.666503859560608
9.073199365377778
12.978968112390357
7.399653829267659
9.74355253896742
11.176621420832817
10.241244169008349
6.2149521927897435
7.607123996675468
8.177564478687753
14.19141228636111
11.289048791113542
7.671687041970939
10.492187697875394
12.045193918135704
12.654213583126658
9.929699897508383
13.623007517058985
11.280375950253394
11.754174696097035
9.28362655037173
10.003078785153148
8.65733716511727
9.167793135830477
9.311078714890645
8.509259417075633
9.57186665765034
10.881727248861257
11.282760834214665
12.126768501165007
8.04254580869177
10.457556986602107
10.288085856301743
12.14384890421169
8.551667422712704
9.887865798339325
10.471672769395942
10.667549330090585
10.358218945272537
9.550458044206923
7.197316753245616
11.257207156783652
12.78776872805015
8.414420090154428
11.264853582143488
10.44034142449236
4.8711558261901375
11.06415647241189
10.322182965385862
11.891251889412741
12.285910365074175
7.430802717737999
11.006601637463755
8.198392494088328
8.777329439610204
15.176772638089744
9.911673423647766
11.78369070024658
8.977098406993468
10.861303262119742
14.915363133195424
11.731741899752127
11.498565160964398
12.014792940154223
8.039594858516956
9.36218215658436
9.889012293408998
9.444901909731644
8.093430915582696
7.168571148928397
11.356485309059115
8.30507551322702
12.479802479168649
6.205404829308064
10.962130812183778
13.033059022110276
10.725678553914467
9.85961839994563
8.935886003510964
9.834807741689554
11.006687796640996
9.263147634768204
10.59269632079004
10.26031025015219
7.9081000781266
11.630466104298865
7.993187017024001
9.206009459974043
9.578170809490867
10.430142792031388
13.324085352278924
9.760035692797883
8.999730229549924
9.814718755464504
11.776456276859832
6.882636358782021
9.16399463448055
9.172009543415863
10.929350676944772
8.653150086526944
8.708022509076821
6.146960931409829
11.487584619435856
9.007118975992723
9.114402583122375
10.389341945885626
10.806869360502803
12.50671401369447
9.498736120905834
13.217240433003221
10.753910639065811
11.070719357755289
11.782825562827085
9.49122968142978
